esphome:
  name: nockanda

esp8266:
  board: esp01_1m

# Enable logging
logger:

#리모컨이 D3에 연결되어있음!
remote_transmitter:
  pin: 5
  carrier_duty_percent: 50%

button:
  - platform: template
    name: "Aircon ON"
    on_press:
      - remote_transmitter.transmit_raw:
          carrier_frequency: 38kHz
          code: [3039, -8994, 529, -1601, 499, -520, 529, -519, 529, -519, 528, -520, 528, -519, 529, -519, 529, -519, 529, -519, 529, -1573, 525, -520, 529, -519, 528, -520, 529, -1570, 529, -1571, 529, -1570, 531, -518, 529, -1571, 529, -1573, 526, -1573, 527, -1574, 527, -1573, 527, -519, 530, -1570, 529, -1573, 527, -520, 529, -520, 529, -520, 529, -519, 530, -1570, 529, -520, 529, -519, 530, -1571, 529, -1571, 529, -520, 530, -519, 529, -1572, 528, -520, 530, -519, 530, -1574, 526, -1573, 529, -518, 530, -521, 528, -520, 529, -1572, 529, -520, 529, -519, 530, -519, 530, -520, 529, -520, 529, -519, 530, -519, 530, -1572, 528, -1602, 500, -1572, 529, -1574, 528]
  - platform: template
    name: "Aircon OFF"
    on_press:
      - remote_transmitter.transmit_raw:
          carrier_frequency: 38kHz
          code: [3042, -8996, 529, -1573, 528, -519, 530, -519, 529, -520, 529, -519, 529, -519, 530, -519, 529, -519, 533, -516, 528, -1598, 503, -519, 529, -520, 528, -1574, 526, -520, 529, -1597, 504, -1572, 528, -1573, 528, -1597, 503, -1572, 529, -1598, 503, -520, 529, -519, 530, -520, 528, -520, 529, -520, 529, -520, 529, -519, 529, -520, 529, -520, 529, -520, 529, -519, 530, -519, 529, -520, 529, -520, 529, -520, 529, -520, 531, -518, 529, -520, 529, -520, 529, -520, 529, -520, 529, -520, 529, -520, 529, -520, 529, -520, 531, -518, 530, -520, 529, -520, 534, -515, 529, -521, 529, -520, 529, -520, 529, -525, 525, -520, 529, -520, 529, -520, 530, -2798, 3014, -9008, 528, -1578, 525, -520, 530, -520, 530, -520, 529, -520, 530, -520, 529, -520, 529, -521, 529, -520, 530, -1573, 529, -520, 529, -520, 530, -520, 529, -521, 529, -520, 530, -521, 529, -1598, 503, -1599, 504, -1574, 528, -1573, 530, -1573, 529, -1574, 529, -520, 529, -1574, 529, -1573, 530, -520, 529, -521, 529, -521, 530, -520, 529, -1575, 527, -520, 530, -521, 529, -1573, 529, -1575, 529, -520, 529, -521, 529, -1574, 529, -520, 530, -520, 530, -1574, 528, -1573, 530, -520, 533, -517, 530, -520, 530, -1575, 527, -521, 529, -521, 529, -521, 529, -521, 529, -521, 529, -521, 532, -517, 530, -520, 530, -520, 530, -1573, 529, -1575, 529]

# Enable Home Assistant API
api:

ota:
  password: "4de48bf22b324332a2421c7a316ecad8"

wifi:
  ssid: !secret wifi_ssid
  password: !secret wifi_password

  # Enable fallback hotspot (captive portal) in case wifi connection fails
  ap:
    ssid: "Nockanda Fallback Hotspot"
    password: "fVTDpvCSyniQ"

captive_portal:
    

